0.0   nan
0.001   0.0
0.002   0.0
0.003   2.3764942619597874e-265
0.004   1.8380514045271267e-223
0.005   1.9069320716385027e-193
0.006   1.5845757270916515e-170
0.007   2.830434392144494e-152
0.008   2.6806528757874467e-137
0.009   9.89879216643751e-125
0.01   5.332463865628371e-114
0.011   1.0454325146732594e-104
0.012   1.439063480624464e-96
0.013   2.2629649358959483e-89
0.014   5.883316301883779e-83
0.015   3.36825065948549e-77
0.016   5.32493401684607e-72
0.017   2.7872036403342178e-67
0.018   5.598003756191574e-63
0.019   4.870895750865818e-59
0.02   2.0310066417629208e-55
0.021   4.4168912011475e-52
0.022   5.382166445205291e-49
0.023   3.906534344486622e-46
0.024   1.7800722480902483e-43
0.025   5.328733618540086e-41
0.026   1.0902093632014796e-38
0.027   1.5779755870330987e-36
0.028   1.6656433953336984e-34
0.029   1.3170369705796514e-32
0.03   7.988621638016242e-31
0.031   3.7965968318943696e-29
0.032   1.4407167509501392e-27
0.033   4.4400583422356065e-26
0.034   1.1283663113354135e-24
0.035   2.397407232766518e-23
0.036   4.3119616462375e-22
0.037   6.639876065221985e-21
0.038   8.84433124936391e-20
0.039   1.0286438885894193e-18
0.04   1.053623601003113e-17
0.041   9.579425383660041e-17
0.042   7.786827561171185e-16
0.043   5.6968062582990095e-15
0.044   3.7740614709877995e-14
0.045   2.276911874518065e-13
0.046   1.2575118973749791e-12
0.047   6.388642384353261e-12
0.048   2.9990660523342844e-11
0.049   1.3063420664888346e-10
0.05   5.300391253676593e-10
0.051   2.01053176021481e-09
0.052   7.153732799225405e-09
0.053   2.395210696585955e-08
0.054   7.568782234216976e-08
0.055   2.263499128298612e-07
0.056   6.422921002453148e-07
0.057   1.733562939952831e-06
0.058   4.460612885499252e-06
0.059   1.0965576960585344e-05
0.06   2.580655454067732e-05
0.061   5.825310620836196e-05
0.062   0.00012635156682600277
0.063   0.00026378673270757176
0.064   0.0005309256468434906
0.065   0.0010317695933863768
0.066   0.0019387622211307215
0.067   0.0035273680674349243
0.068   0.0062218888182550705
0.069   0.010652977203345335
0.07   0.017725648631819677
0.071   0.02869429224475081
0.072   0.04523840841871739
0.073   0.06952988100120706
0.074   0.10428001693210504
0.075   0.15275293856648878
0.076   0.2187317811152171
0.077   0.3064259940532233
0.078   0.42031209125426294
0.079   0.5649063194770537
0.08   0.744475415681692
0.081   0.9627000445429243
0.082   1.2223135426647451
0.083   1.5247450525564992
0.084   1.8697999216896928
0.085   2.255410580372527
0.086   2.677487650573251
0.087   3.1298939497995466
0.088   3.6045540237845484
0.089   4.091699970416378
0.09   4.580241964306265
0.091   5.0582404771917355
0.092   5.513447996641449
0.093   5.933882049459775
0.094   6.308389089723093
0.095   6.627160398645316
0.096   6.882166202347291
0.097   7.067482017198591
0.098   7.179490811027362
0.099   7.216954849986238
0.1   7.180961047225788
0.101   7.074752351774731
0.102   6.903464554965435
0.103   6.673792459333104
0.104   6.393611537220499
0.105   6.07158113415639
0.106   5.716753268680996
0.107   5.3382075965622935
0.108   4.944728654737872
0.109   4.544536589748231
0.11   4.14507766801032
0.111   3.752876338024852
0.112   3.373446741722523
0.113   3.0112585205978615
0.114   2.669749598879434
0.115   2.351377332709605
0.116   2.057698908218744
0.117   1.7894720261166435
0.118   1.5467675766826432
0.119   1.3290870322523352
0.12   1.1354785185252159
0.121   0.9646468436216051
0.122   0.8150540611529784
0.123   0.6850083431678883
0.124   0.5727399888114334
0.125   0.4764642660362876
0.126   0.3944314671375394
0.127   0.32496505961615935
0.128   0.2664891478927762
0.129   0.2175466513270156
0.13   0.17680967573743497
0.131   0.14308353562141105
0.132   0.11530579759942121
0.133   0.09254158460241502
0.134   0.07397622389448591
0.135   0.058906155376123745
0.136   0.04672885130934574
0.137   0.03693234287797503
0.138   0.029084808193514874
0.139   0.022824553454746876
0.14   0.017850615085588443
0.141   0.013914125555480696
0.142   0.010810518026883315
0.143   0.008372593181905448
0.144   0.006464433454902398
0.145   0.004976123248918166
0.146   0.0038192164123552644
0.147   0.0029228823329267633
0.148   0.0022306577262885333
0.149   0.001697731063897618
0.15   0.0012886893587261052
0.151   0.0009756617089017437
0.152   0.000736799806224441
0.153   0.0005550419566487897
0.154   0.00041711360114932215
0.155   0.00031272356689413645
0.156   0.00023392112358703096
0.157   0.0001745842519351425
0.158   0.00013001429438129464
0.159   9.661633979047275e-05
0.16   7.164831079433382e-05
0.161   5.302481128389723e-05
0.162   3.916439956044411e-05
0.163   2.887113259669334e-05
0.164   2.124303244113446e-05
0.165   1.5601608931181258e-05
0.166   1.1437781893933149e-05
0.167   8.370524652674893e-06
0.168   6.1153376539174026e-06
0.169   4.460290060069615e-06
0.17   3.247867055679982e-06
0.171   2.3612557661878673e-06
0.172   1.714013456141049e-06
0.173   1.2423049078107582e-06
0.174   8.990853921960217e-07
0.175   6.497526606353301e-07
0.176   4.689049663140221e-07
0.177   3.379295304960773e-07
0.178   2.432128783995258e-07
0.179   1.7481565903061977e-07
0.18   1.254935326905771e-07
0.181   8.997527856606074e-08
0.182   6.443163948026072e-08
0.183   4.6085285158513025e-08
0.184   3.292495475054127e-08
0.185   2.3496345429180886e-08
0.186   1.674942146130756e-08
0.187   1.1927118452328954e-08
0.188   8.484360036697753e-09
0.189   6.029229754613149e-09
0.19   4.2803064852587856e-09
0.191   3.0357712943248964e-09
0.192   2.1510722925106956e-09
0.193   1.5228009158272226e-09
0.194   1.0770691536546364e-09
0.195   7.611431320218957e-10
0.196   5.374290030890444e-10
0.197   3.7915555004756804e-10
0.198   2.672788601788906e-10
0.199   1.882659612193974e-10
0.2   1.3250978134191716e-10
0.201   9.319696068581154e-11
0.202   6.55000759014491e-11
0.203   4.600197522805583e-11
0.204   3.228598085196387e-11
0.205   2.2644480053152426e-11
0.206   1.5871919504129233e-11
0.207   1.1117905711489901e-11
0.208   7.783062200678386e-12
0.209   5.4452695880352275e-12
0.21   3.807473404322959e-12
0.211   2.660786742557937e-12
0.212   1.858428680555357e-12
0.213   1.2973321324671887e-12
0.214   9.051750188358056e-13
0.215   6.312430117113717e-13
0.216   4.399969265224634e-13
0.217   3.065476612333285e-13
0.218   2.1347539129213952e-13
0.219   1.485953076816522e-13
0.22   1.0338933396476804e-13
0.221   7.190606538337586e-14
0.222   4.998965326753759e-14
0.223   3.4739621973012214e-14
0.224   2.413269698721992e-14
0.225   1.6758215652744365e-14
0.226   1.1633116125663183e-14
0.227   8.07264496966635e-15
0.228   5.60005342120747e-15
0.229   3.88355931528475e-15
0.23   2.6923654138845555e-15
0.231   1.8659890386867785e-15
0.232   1.2928848422944267e-15
0.233   8.955520343320491e-16
0.234   6.201639222464441e-16
0.235   4.293497784158483e-16
0.236   2.9717300544936885e-16
0.237   2.0563879527536008e-16
0.238   1.4226643805902773e-16
0.239   9.840238639937024e-17
0.24   6.804849801230666e-17
0.241   4.704842568409899e-17
0.242   3.2522888585695515e-17
0.243   2.2477827908853557e-17
0.244   1.5532611059565136e-17
0.245   1.073156593987693e-17
0.246   7.413337568209749e-18
0.247   5.1203538634267265e-18
0.248   3.536104620833553e-18
0.249   2.4417011680135448e-18
0.25   1.6857977616050164e-18
0.251   1.1637701436915714e-18
0.252   8.033057682027673e-19
0.253   5.544336686520006e-19
0.254   3.8262767880669255e-19
0.255   2.6403666187837004e-19
0.256   1.8218645091230652e-19
0.257   1.2569985713944598e-19
0.258   8.672078086533469e-20
0.259   5.982518233966639e-20
0.26   4.126863026538774e-20
0.261   2.846648975735761e-20
0.262   1.9634879262572434e-20
0.263   1.3542709954231102e-20
0.264   9.340464286339581e-21
0.265   6.441979971821087e-21
0.266   4.442840516047792e-21
0.267   3.0640433697135e-21
0.268   2.1131204999079414e-21
0.269   1.4573071152397236e-21
0.27   1.0050267671662389e-21
0.271   6.93116289511392e-22
0.272   4.780118781237295e-22
0.273   3.296685433411055e-22
0.274   2.273655492312677e-22
0.275   1.5681304810877014e-22
0.276   1.081563779302753e-22
0.277   7.459959233302366e-23
0.278   5.1456127472094164e-23
0.279   3.549408424860036e-23
0.28   2.4484709668134978e-23
0.281   1.6891020373825236e-23
0.282   1.1653075549134037e-23
0.283   8.039902082243289e-24
0.284   5.5473838471072796e-24
0.285   3.8278476472356295e-24
0.286   2.6415066919620984e-24
0.287   1.822976529085174e-24
0.288   1.2581845425753858e-24
0.289   8.684465738385126e-25
0.29   5.994858224259473e-25
0.291   4.138598592396238e-25
0.292   2.857378509024046e-25
0.293   1.972985051749886e-25
0.294   1.362457031786255e-25
0.295   9.409493648360084e-26
0.296   6.49913420385581e-26
0.297   4.489437582761445e-26
0.298   3.10153649233111e-26
0.299   2.1429483136597295e-26
0.3   1.480804192095015e-26
0.301   1.0233777795877878e-26
0.302   7.073396238670474e-27
0.303   4.889617335939462e-27
0.304   3.380475873373584e-27
0.305   2.3374270858198906e-27
0.306   1.616429342410012e-27
0.307   1.1179823239481526e-27
0.308   7.733459641653797e-28
0.309   5.350254979015023e-28
0.31   3.7020133588997507e-28
0.311   2.5619189380346933e-28
0.312   1.7732000019873925e-28
0.313   1.22748449607438e-28
0.314   8.498480040503106e-29
0.315   5.884836923546631e-29
0.316   4.075646397542392e-29
0.317   2.823113881249795e-29
0.318   1.9558297934687487e-29
0.319   1.3552062197147837e-29
0.32   9.391874373832589e-30
0.321   6.509874228375377e-30
0.322   4.513019542337416e-30
0.323   3.1292262532934187e-30
0.324   2.1701146437053437e-30
0.325   1.5052379591809232e-30
0.326   1.044251754204271e-30
0.327   7.24575445948204e-31
0.328   5.02853092401329e-31
0.329   3.490426537068749e-31
0.33   2.423240279099692e-31
0.331   1.6826577106472023e-31
0.332   1.1686302204107791e-31
0.333   8.117852817598128e-32
0.334   5.640123870224414e-32
0.335   3.919405422447727e-32
0.336   2.724184198344158e-32
0.337   1.8938175037798392e-32
0.338   1.316818107674046e-32
0.339   9.157988181829302e-33
0.34   6.370325134333503e-33
0.341   4.4321142229358786e-33
0.342   3.084243782495638e-33
0.343   2.146720138928973e-33
0.344   1.4944854870095167e-33
0.345   1.0406341186879944e-33
0.346   7.247613823315577e-34
0.347   5.048742029037255e-34
0.348   3.517733905310648e-34
0.349   2.4515173041822935e-34
0.35   1.7088329571636245e-34
0.351   1.1913995046510778e-34
0.352   8.308236493489764e-35
0.353   5.795012570532332e-35
0.354   4.042913672667176e-35
0.355   2.82117193069542e-35
0.356   1.9690651165049631e-35
0.357   1.3746320620548327e-35
0.358   9.598627679947078e-36
0.359   6.703915322265154e-36
0.36   4.683224669046071e-36
0.361   3.272344044250896e-36
0.362   2.2870244112218183e-36
0.363   1.5987512488707475e-36
0.364   1.1178656622328469e-36
0.365   7.818029748759825e-37
0.366   5.4689550937617855e-37
0.367   3.826582464937843e-37
0.368   2.678044659366937e-37
0.369   1.8746703096182418e-37
0.37   1.3126007797820572e-37
0.371   9.192664290294313e-38
0.372   6.439489453476423e-38
0.373   4.511937413510247e-38
0.374   3.162107176662404e-38
0.375   2.216625273274658e-38
0.376   1.5542126217195813e-38
0.377   1.0900120835585236e-38
0.378   7.646367911665858e-39
0.379   5.3651556646110314e-39
0.38   3.765416110653176e-39
0.381   2.6433056671919532e-39
0.382   1.8560334603171565e-39
0.383   1.3035522860062249e-39
0.384   9.157471593677736e-40
0.385   6.434686602367964e-40
0.386   4.5225578731743234e-40
0.387   3.179406028894086e-40
0.388   2.235698258473591e-40
0.389   1.5724828606768667e-40
0.39   1.1062782813493105e-40
0.391   7.784823623442263e-41
0.392   5.479479168618267e-41
0.393   3.857767729411559e-41
0.394   2.716685348507993e-41
0.395   1.9135915540428757e-41
0.396   1.3482361169715396e-41
0.397   9.50144451399425e-42
0.398   6.697619034233347e-42
0.399   4.7223538083690416e-42
0.4   3.33045851158779e-42
0.401   2.34940073904952e-42
0.402   1.6577455856276616e-42
0.403   1.1700017176032607e-42
0.404   8.25967745976066e-43
0.405   5.832406337321067e-43
0.406   4.119463648909795e-43
0.407   2.9103278209886883e-43
0.408   2.056608348927289e-43
0.409   1.4536834128097764e-43
0.41   1.0277718953443777e-43
0.411   7.268292626697364e-44
0.412   5.141347183275786e-44
0.413   3.6377296079357963e-44
0.414   2.5745002810501803e-44
0.415   1.822487694062082e-44
0.416   1.2904627734543667e-44
0.417   9.139778100660361e-45
0.418   6.474931733385601e-45
0.419   4.588219428479108e-45
0.42   3.2520909148484197e-45
0.421   2.3056360590642505e-45
0.422   1.6350403506431073e-45
0.423   1.1597807484713548e-45
0.424   8.22873494919776e-46
0.425   5.8398280937593105e-46
0.426   4.145499943795472e-46
0.427   2.9434975094924407e-46
0.428   2.090549160106602e-46
0.429   1.4851389585168031e-46
0.43   1.0553191758064212e-46
0.431   7.500852698430074e-47
0.432   5.332704826437763e-47
0.433   3.7922292663141606e-47
0.434   2.6974399457991444e-47
0.435   1.9191952824311628e-47
0.436   1.3658303416762212e-47
0.437   9.722648178448443e-48
0.438   6.922813437758967e-48
0.439   4.9304997674063535e-48
0.44   3.512444954143253e-48
0.441   2.5028705624078866e-48
0.442   1.783928897408247e-48
0.443   1.2718239017195427e-48
0.444   9.069570457023304e-49
0.445   6.469291945344512e-49
0.446   4.6156946977731226e-49
0.447   3.2940310517681157e-49
0.448   2.3514112180565234e-49
0.449   1.6789577119562549e-49
0.45   1.199115989572227e-49
0.451   8.566292168788471e-50
0.452   6.121175186136841e-50
0.453   4.37508965132396e-50
0.454   3.1278744121880577e-50
0.455   2.23677263311876e-50
0.456   1.5999430864296851e-50
0.457   1.1447149743112663e-50
0.458   8.19219543123002e-51
0.459   5.864261483806118e-51
0.46   4.1989084222449445e-51
0.461   3.0072497703631406e-51
0.462   2.154331773053625e-51
0.463   1.5437096780177057e-51
0.464   1.106441825908993e-51
0.465   7.932341846316079e-52
0.466   5.688321036603077e-52
0.467   4.0801541823713396e-52
0.468   2.9273780088032553e-52
0.469   2.1008292164241488e-52
0.47   1.5080382477537612e-52
0.471   1.0827883698541737e-52
0.472   7.776503599512936e-53
0.473   5.586434241906177e-53
0.474   4.014158083814095e-53
0.475   2.8851185701733513e-53
0.476   2.0741598335697924e-53
0.477   1.4915234193403207e-53
0.478   1.0728207875629054e-53
0.479   7.718509993529713e-54
0.48   5.554550112484678e-54
0.481   3.998281563714585e-54
0.482   2.87876930795784e-54
0.483   2.073238637931432e-54
0.484   1.4934840891882887e-54
0.485   1.0761200341481909e-54
0.486   7.755853137410178e-55
0.487   5.591226848848375e-55
0.488   4.031746868342672e-55
0.489   2.9079567463962036e-55
0.49   2.097930529208549e-55
0.491   1.5139191335399494e-55
0.492   1.0927545326753639e-55
0.493   7.889525593240907e-56
0.494   5.697541632062868e-56
0.495   4.115594346210431e-56
0.496   2.973625695898003e-56
0.497   2.1490636253891644e-56
0.498   1.5535406076149886e-56
0.499   1.123333103857177e-56
0.5   8.124778129453715e-57
0.501   5.8781406485995e-57
0.502   4.254125735356198e-57
0.503   3.08002301299414e-57
0.504   2.231161210984385e-57
0.505   1.617542923516142e-57
0.506   1.1742110738804499e-57
0.507   8.543060548143457e-58
0.508   6.2406435719129194e-58
0.509   4.592197333866315e-58
0.51   3.424195445178638e-58
0.511   2.6137845171962284e-58
0.512   2.075709528450048e-58
0.513   1.753220526005062e-58
0.514   1.611978383297545e-58
0.515   1.6362948747715725e-58
0.516   1.8272864463841875e-58
0.517   2.2027174589129828e-58
0.518   2.7984776011144442e-58
0.519   3.671796504893143e-58
0.52   4.9064615883062904e-58
0.521   6.620487869773022e-58
0.522   8.976907209982931e-58
0.523   1.2198618050895834e-57
0.524   1.6588588362990637e-57
0.525   2.25571634269016e-57
0.526   3.0658833962503873e-57
0.527   4.164161809855469e-57
0.528   5.651326711425043e-57
0.529   7.66299043492166e-57
0.53   1.0381456040451525e-56
0.531   1.405155220793887e-56
0.532   1.9001765986133369e-56
0.533   2.567241921760684e-56
0.534   3.4653201627459516e-56
0.535   4.673312216667896e-56
0.536   6.29669274260768e-56
0.537   8.476333671053139e-56
0.538   1.1400215577399963e-55
0.539   1.5318958356159627e-55
0.54   2.0566398625373518e-55
0.541   2.758682993876965e-55
0.542   3.697103174626999e-55
0.543   4.950388135179858e-55
0.544   6.622721835907207e-55
0.545   8.852277636826343e-55
0.546   1.1822149402635481e-54
0.547   1.5774747351600032e-54
0.548   2.103074075254943e-54
0.549   2.801396250830892e-54
0.55   3.728412448479112e-54
0.551   4.9579757254081745e-54
0.552   6.587452265984419e-54
0.553   8.745100262310632e-54
0.554   1.1599730790401187e-53
0.555   1.5373346002809868e-53
0.556   2.0357658647506685e-53
0.557   2.6935667292444696e-53
0.558   3.5609811634109027e-53
0.559   4.70386849850871e-53
0.56   6.208486614843154e-53
0.561   8.1877188512753505e-53
0.562   1.0789173925962219e-52
0.563   1.4205713879428853e-52
0.564   1.8689127027068246e-52
0.565   2.4567871429585073e-52
0.566   3.227008262297646e-52
0.567   4.235338412590324e-52
0.568   5.55434820619892e-52
0.569   7.27840935411099e-52
0.57   9.530148723935242e-52
0.571   1.2468784851208931e-51
0.572   1.6300887717919293e-51
0.573   2.1294255613168005e-51
0.574   2.779579850560268e-51
0.575   3.625456726690007e-51
0.576   4.7251387122167546e-51
0.577   6.15369606849504e-51
0.578   8.008082472044597e-51
0.579   1.041342055972902e-50
0.58   1.3531065950313208e-50
0.581   1.7568945332225114e-50
0.582   2.279480018028075e-50
0.583   2.9553140358513857e-50
0.584   3.8286931040921644e-50
0.585   4.956531434699702e-50
0.586   6.4119019361869165e-50
0.587   8.288556033786855e-50
0.588   1.070668874594487e-49
0.589   1.3820286854522754e-49
0.59   1.782648823612325e-49
0.591   2.297749436933967e-49
0.592   2.9595721831240126e-49
0.593   3.8093059939960116e-49
0.594   4.899533023331757e-49
0.595   6.297333127705329e-49
0.596   8.08822144933677e-49
0.597   1.0381139220913208e-48
0.598   1.331477515920887e-48
0.599   1.7065566711668828e-48
0.6   2.1857820656076044e-48
0.601   2.7976505729383275e-48
0.602   3.5783411814431524e-48
0.603   4.5737547889991813e-48
0.604   5.842087334947136e-48
0.605   7.457073548977933e-48
0.606   9.512073373255771e-48
0.607   1.21252165575272e-47
0.608   1.544587516256979e-47
0.609   1.9662801371931134e-47
0.61   2.5014352375602926e-47
0.611   3.180132920542635e-47
0.612   4.0403087290891875e-47
0.613   5.129773938029465e-47
0.614   6.508747402338633e-47
0.615   8.253026454205786e-47
0.616   1.0457955606710663e-46
0.617   1.3243390629038533e-46
0.618   1.6759903696241564e-46
0.619   2.1196534991760196e-46
0.62   2.679047007215708e-46
0.621   3.3839113839460115e-46
0.622   4.271514522913802e-46
0.623   5.38852767814209e-46
0.624   6.793361635415488e-46
0.625   8.559074201524904e-46
0.626   1.0776986502624601e-45
0.627   1.3561178133601002e-45
0.628   1.705407132976812e-45
0.629   2.143336377503609e-45
0.63   2.6920630541833726e-45
0.631   3.379199057886895e-45
0.632   4.239132530595023e-45
0.633   5.314665013241536e-45
0.634   6.659037884290642e-45
0.635   8.338439159998696e-45
0.636   1.0435102688719521e-44
0.637   1.3051137470782804e-44
0.638   1.6313256330909831e-44
0.639   2.0378611746711642e-44
0.64   2.5441993859370794e-44
0.641   3.17447034655527e-44
0.642   3.9585483429619817e-44
0.643   4.93339782786302e-44
0.644   6.144729717149587e-44
0.645   7.649038412329913e-44
0.646   9.516105635972101e-44
0.647   1.1832076309205404e-43
0.648   1.4703235025678107e-43
0.649   1.8260640084086603e-43
0.65   2.266580661963988e-43
0.651   2.8117672440572016e-43
0.652   3.4861131322114177e-43
0.653   4.319748066321816e-43
0.654   5.349720589782797e-43
0.655   6.621561568321708e-43
0.656   8.191195305479004e-43
0.657   1.0127274253222282e-42
0.658   1.2514029651949207e-42
0.659   1.545475022071596e-42
0.66   1.9076024972008036e-42
0.661   2.353291520779371e-42
0.662   2.901525580207984e-42
0.663   3.5755328236939875e-42
0.664   4.403719903288072e-42
0.665   5.420807900107545e-42
0.666   6.669213330624492e-42
0.667   8.200726225892002e-42
0.668   1.0078548116591419e-41
0.669   1.237976581877005e-41
0.67   1.5198352645003126e-41
0.671   1.8648807598560895e-41
0.672   2.2870565884562475e-41
0.673   2.8033341458275376e-41
0.674   3.4343595242886756e-41
0.675   4.205236218224196e-41
0.676   5.146471775606509e-41
0.677   6.29512215376512e-41
0.678   7.696174368029696e-41
0.679   9.404216210119951e-41
0.68   1.1485451623979245e-40
0.681   1.4020132075810983e-40
0.682   1.7105488318371903e-40
0.683   2.0859263774583164e-40
0.684   2.5423970884767158e-40
0.685   3.0972015808422215e-40
0.686   3.771186559808019e-40
0.687   4.589546626362086e-40
0.688   5.582716108217598e-40
0.689   6.787440734167662e-40
0.69   8.248064793027448e-40
0.691   1.0018076357204445e-39
0.692   1.2161961416263871e-39
0.693   1.4757427606590935e-39
0.694   1.7898069934150735e-39
0.695   2.1696564817164392e-39
0.696   2.628849533696963e-39
0.697   3.1836930266256845e-39
0.698   3.8537902820989e-39
0.699   4.662696283674495e-39
0.7   5.63870090064339e-39
0.701   6.815764688357055e-39
0.702   8.234636467346787e-39
0.703   9.9441873724503e-39
0.704   1.2003002564922441e-38
0.705   1.4481279498437268e-38
0.706   1.746309073987338e-38
0.707   2.1049080121988453e-38
0.708   2.535967374646402e-38
0.709   3.0538902414004677e-38
0.71   3.6758949846425406e-38
0.711   4.4225562069581464e-38
0.712   5.318447811578716e-38
0.713   6.392907144949038e-38
0.714   7.680942600585825e-38
0.715   9.22431113797337e-38
0.716   1.107279695922374e-37
0.717   1.328572822595585e-37
0.718   1.593377533755088e-37
0.719   1.9101082103183444e-37
0.72   2.2887790326907124e-37
0.721   2.7413029125196487e-37
0.722   3.281845298751137e-37
0.723   3.927242749740911e-37
0.724   4.69749791338201e-37
0.725   5.616364611233697e-37
0.726   6.712039132193846e-37
0.727   8.017976666689853e-37
0.728   9.573855124035699e-37
0.729   1.1426712455598415e-36
0.73   1.3632288150312309e-36
0.731   1.6256604888288802e-36
0.732   1.9377832562478064e-36
0.733   2.3088484158482606e-36
0.734   2.7498001494353385e-36
0.735   3.273579876971163e-36
0.736   3.895484349431658e-36
0.737   4.633586793606287e-36
0.738   5.5092320067858334e-36
0.739   6.547618147388139e-36
0.74   7.77848012303298e-36
0.741   9.236891990464734e-36
0.742   1.0964208710160278e-35
0.743   1.3009171009772205e-35
0.744   1.54292010827828e-35
0.745   1.8291921472266988e-35
0.746   2.1676934869159325e-35
0.747   2.567790881092237e-35
0.748   3.040501654029351e-35
0.749   3.5987793736713826e-35
0.75   4.2578480652600924e-35
0.751   5.035593058914491e-35
0.752   5.953017888198574e-35
0.753   7.034778192447629e-35
0.754   8.30980535686707e-35
0.755   9.81203468961669e-35
0.756   1.158125532856528e-34
0.757   1.3664101843317572e-34
0.758   1.6115210709343185e-34
0.759   1.8998568548482489e-34
0.76   2.238908333191117e-34
0.761   2.6374414717826637e-34
0.762   3.105710545011778e-34
0.763   3.6557062395340456e-34
0.764   4.301444348024079e-34
0.765   5.05930156683337e-34
0.766   5.948405936252871e-34
0.767   6.991090644916956e-34
0.768   8.213421284566185e-34
0.769   9.645808215291328e-34
0.77   1.1323717515901937e-33
0.771   1.3288496085238172e-33
0.772   1.5588328869355855e-33
0.773   1.8279348963910066e-33
0.774   2.1426924534927995e-33
0.775   2.510715017665906e-33
0.776   2.940857455331526e-33
0.777   3.443420103373718e-33
0.778   4.0303803617299324e-33
0.779   4.715660687224947e-33
0.78   5.515438598572312e-33
0.781   6.448505149706638e-33
0.782   7.53667930115762e-33
0.783   8.805286735180558e-33
0.784   1.0283712940523153e-32
0.785   1.2006041860672473e-32
0.786   1.4011793082142687e-32
0.787   1.6346772467583526e-32
0.788   1.9064053347261693e-32
0.789   2.2225107911724573e-32
0.79   2.590111134372758e-32
0.791   3.017444454056337e-32
0.792   3.514042506784118e-32
0.793   4.0909300319567695e-32
0.794   4.760854181356985e-32
0.795   5.538548521262056e-32
0.796   6.441036712895124e-32
0.797   7.487981715528523e-32
0.798   8.702087199673566e-32
0.799   1.0109558819954345e-31
0.8   1.1740634094936403e-31
0.801   1.3630190892995418e-31
0.802   1.5818445950464234e-31
0.803   1.8351756474811387e-31
0.804   2.1283539738670957e-31
0.805   2.4675327681096056e-31
0.806   2.8597975935352345e-31
0.807   3.313304943758849e-31
0.808   3.8374409882631636e-31
0.809   4.443003383276341e-31
0.81   5.142409431015916e-31
0.811   5.94993432786047e-31
0.812   6.881983761886479e-31
0.813   7.957405710762427e-31
0.814   9.197846961632301e-31
0.815   1.0628160635955117e-30
0.816   1.227687186629136e-30
0.817   1.4176709752275229e-30
0.818   1.6365214834770295e-30
0.819   1.888543258770531e-30
0.82   2.178670485580861e-30
0.821   2.5125572785287586e-30
0.822   2.8966806628243345e-30
0.823   3.338457987803917e-30
0.824   3.846380754344327e-30
0.825   4.430167102947787e-30
0.826   5.100935510229634e-30
0.827   5.871402581901498e-30
0.828   6.756108215154195e-30
0.829   7.771671838293018e-30
0.83   8.937083926937916e-30
0.831   1.0274037551246799e-29
0.832   1.1807305335507878e-29
0.833   1.3565167919150075e-29
0.834   1.557990080689916e-29
0.835   1.7888327396876818e-29
0.836   2.0532446991765345e-29
0.837   2.3560147744071098e-29
0.838   2.702601577822552e-29
0.839   3.0992253187821317e-29
0.84   3.5529719246001835e-29
0.841   4.071911101373513e-29
0.842   4.665230160973245e-29
0.843   5.343385674593399e-29
0.844   6.118275276550375e-29
0.845   7.003432238219151e-29
0.846   8.014245765063647e-29
0.847   9.168210344171622e-29
0.848   1.0485207890541298e-28
0.849   1.1987826913210747e-28
0.85   1.3701723453426926e-28
0.851   1.5656029143458496e-28
0.852   1.7883812404155244e-28
0.853   2.042259955073974e-28
0.854   2.331496341931731e-28
0.855   2.6609188072135097e-28
0.856   3.036001919987637e-28
0.857   3.4629511027803058e-28
0.858   3.9487981864565155e-28
0.859   4.501509192473731e-28
0.86   5.130105872768303e-28
0.861   5.844802724682983e-28
0.862   6.657161407864248e-28
0.863   7.580264724518493e-28
0.864   8.62891258674055e-28
0.865   9.819842688032185e-28
0.866   1.1171978924213532e-27
0.867   1.2706710975682267e-27
0.868   1.444820887285878e-27
0.869   1.6423776824584925e-27
0.87   1.8664251100764637e-27
0.871   2.1204447331690077e-27
0.872   2.4083663224141833e-27
0.873   2.7346243405984525e-27
0.874   3.1042213904970784e-27
0.875   3.522799465316761e-27
0.876   3.996719939604991e-27
0.877   4.533153348644008e-27
0.878   5.140180127068534e-27
0.879   5.8269036141964195e-27
0.88   6.60357678588803e-27
0.881   7.481744342402077e-27
0.882   8.47440197059293e-27
0.883   9.596174809037008e-27
0.884   1.086351737862771e-26
0.885   1.2294937501457177e-26
0.886   1.3911247020277155e-26
0.887   1.5735842452715754e-26
0.888   1.779501907223833e-26
0.889   2.0118322305491792e-26
0.89   2.2738940777488025e-26
0.891   2.569414582684371e-26
0.892   2.902578285827479e-26
0.893   3.2780820504578173e-26
0.894   3.701196424189208e-26
0.895   4.1778341847194754e-26
0.896   4.714626891367591e-26
0.897   5.319010355643399e-26
0.898   5.999320045757482e-26
0.899   6.764897552664479e-26
0.9   7.626209370125484e-26
0.901   8.594979379643342e-26
0.902   9.684336584398339e-26
0.903   1.0908979806045738e-25
0.904   1.2285361246154434e-25
0.905   1.3831891022072446e-25
0.906   1.55691650171636e-25
0.907   1.752021864002023e-25
0.908   1.9710809368877563e-25
0.909   2.2169731268911044e-25
0.91   2.4929165014379805e-25
0.911   2.802506732810032e-25
0.912   3.149760417120288e-25
0.913   3.5391632480607783e-25
0.914   3.975723576464559e-25
0.915   4.465031943368552e-25
0.916   5.013327236787578e-25
0.917   5.627570191423807e-25
0.918   6.315525026669383e-25
0.919   7.085850102258393e-25
0.92   7.948198563548498e-25
0.921   8.913330050546333e-25
0.922   9.993234657374448e-25
0.923   1.1201270452946458e-24
0.924   1.2552316010321502e-24
0.925   1.406293954279418e-24
0.926   1.5751586410610689e-24
0.927   1.7638786944795404e-24
0.928   1.974738673555695e-24
0.929   2.2102801753941144e-24
0.93   2.473330091876976e-24
0.931   2.767031898860542e-24
0.932   3.0948802952905076e-24
0.933   3.4607595420227305e-24
0.934   3.868985885720755e-24
0.935   4.324354492305373e-24
0.936   4.8321913574021835e-24
0.937   5.398410708431192e-24
0.938   6.0295784648230296e-24
0.939   6.732982379757841e-24
0.94   7.516709549311756e-24
0.941   8.389732043465338e-24
0.942   9.362001488669725e-24
0.943   1.044455351421111e-23
0.944   1.1649623065147486e-23
0.945   1.2990771683848462e-23
0.946   1.4483027971008014e-23
0.947   1.6143042556265922e-23
0.948   1.7989259039283612e-23
0.949   2.0042102505305635e-23
0.95   2.2324187376084584e-23
0.951   2.4860546528790353e-23
0.952   2.7678883803566363e-23
0.953   3.080985222622034e-23
0.954   3.4287360497786814e-23
0.955   3.81489105491254e-23
0.956   4.2435969228328e-23
0.957   4.719437748350965e-23
0.958   5.2474800725932785e-23
0.959   5.833322441081343e-23
0.96   6.483149925831676e-23
0.961   7.20379409580818e-23
0.962   8.002798966043481e-23
0.963   8.88849350595792e-23
0.964   9.87007134224918e-23
0.965   1.0957678351593854e-22
0.966   1.216250890375607e-22
0.967   1.349691158701918e-22
0.968   1.4974505325675072e-22
0.969   1.6610306884187584e-22
0.97   1.8420870845235302e-22
0.971   2.0424443249778537e-22
0.972   2.264113019736318e-22
0.973   2.5093082824810674e-22
0.974   2.7804700212168624e-22
0.975   3.0802851907212123e-22
0.976   3.4117121914905537e-22
0.977   3.778007616718536e-22
0.978   4.18275556723681e-22
0.979   4.629899774373499e-22
0.98   5.123778792481378e-22
0.981   5.6691645465986285e-22
0.982   6.271304546513551e-22
0.983   6.935968106564575e-22
0.984   7.669496941030171e-22
0.985   8.478860538147004e-22
0.986   9.371716751869827e-22
0.987   1.0356478089692667e-21
0.988   1.144238421745336e-21
0.989   1.263958124833019e-21
0.99   1.3959208433512737e-21
0.991   1.5413492926624422e-21
0.992   1.7015853353257623e-21
0.993   1.8781012981326563e-21
0.994   2.072512335779656e-21
0.995   2.286589935311991e-21
0.996   2.5222766636946926e-21
0.997   2.781702269786108e-21
0.998   3.067201261660448e-21
0.999   3.381332090714463e-21
